[gd_scene load_steps=8 format=3 uid="uid://bpxorm3w4l5i"]

[ext_resource type="Script" path="res://match/conflict_effect.gd" id="1_wp8we"]

[sub_resource type="StandardMaterial3D" id="StandardMaterial3D_jlxg5"]
transparency = 1
shading_mode = 0
albedo_color = Color(0.501961, 0.501961, 0.501961, 0.933333)

[sub_resource type="PlaneMesh" id="PlaneMesh_pqamq"]
material = SubResource("StandardMaterial3D_jlxg5")
size = Vector2(10, 0)
center_offset = Vector3(0, 0.01, 0)

[sub_resource type="StandardMaterial3D" id="StandardMaterial3D_bdkeu"]
shading_mode = 0
albedo_color = Color(0, 0, 1, 1)

[sub_resource type="PlaneMesh" id="PlaneMesh_m3rft"]
material = SubResource("StandardMaterial3D_bdkeu")
size = Vector2(10, 10)
center_offset = Vector3(0, 0, 10)

[sub_resource type="StandardMaterial3D" id="StandardMaterial3D_gp7yl"]
shading_mode = 0
albedo_color = Color(1, 0, 0, 1)

[sub_resource type="PlaneMesh" id="PlaneMesh_stkvw"]
material = SubResource("StandardMaterial3D_gp7yl")
size = Vector2(10, 10)
center_offset = Vector3(0, 0, -10)

[node name="ConflictEffect" type="Node3D"]
script = ExtResource("1_wp8we")

[node name="Draw" type="MeshInstance3D" parent="."]
transform = Transform3D(0.707106, 0, 0.707106, 0, 1, 0, -0.707106, 0, 0.707106, 0, 0.5, 0)
mesh = SubResource("PlaneMesh_pqamq")

[node name="MyForce" type="MeshInstance3D" parent="."]
transform = Transform3D(0.707106, 0, 0.707106, 0, 1, 0, -0.707106, 0, 0.707106, 0, 0.5, 0)
mesh = SubResource("PlaneMesh_m3rft")

[node name="RivalForce" type="MeshInstance3D" parent="."]
transform = Transform3D(0.707106, 0, 0.707106, 0, 1, 0, -0.707106, 0, 0.707106, 0, 0.5, 0)
mesh = SubResource("PlaneMesh_stkvw")
